(105, 130) -> (255, 105)
(255, 105) -> (255, 230)
(255, 230) -> (380, 180)
(380, 180) -> (380, 30)
(380, 30) -> (530, 130)
(530, 130) -> (530, 280)
(530, 430) -> (530, 430)
(530, 280) -> (530, 280)
(530, 280) -> (530, 430)
(530, 430) -> (430, 430)
(430, 430) -> (380, 330)
(380, 330) -> (305, 380)
(305, 380) -> (130, 355)
(30, 255) -> (105, 130)
(130, 355) -> (30, 430)
(30, 255) -> (30, 430)
(30, 30) -> (105, 130)
(30, 430) -> (130, 355)
(130, 355) -> (255, 230)
(255, 230) -> (380, 180)
(380, 180) -> (380, 30)
